239621
294
1511
2436
3034
3540
4486
5446
6375
7308
8267
9204
10141
10648
11347
12072
12982
13572
14488
15200
15908
16833
17342
18271
18818
19674
20603
21333
21928
22510
23470
24223
24871
25843
26538
27237
28188
29127
30084
30589
31115
31922
32456
33207
33843
34613
35228
35740
36586
37175
37859
38581
39273
39782
40462
41420
42374
43054
43788
44706
45426
46109
46622
47569
48499
49214
49910
50856
51811
52746
53697
54646
55573
56519
57472
58402
59367
60307
61171
62064
62772
63456
64438
65354
66076
66767
67712
68214
68716
69587
70097
71019
71737
72674
73619
74135
75035
75756
76452
76953
77882
78824
79770
80355
81187
81698
82227
83077
84028
84536
85077
85585
86387
87333
88284
89221
89728
90273
91086
91594
92529
93478
94063
94905
95823
96785
97363
98189
99153
99733
100552
101058
101976
102556
103402
103980
104487
105283
105894
106696
107645
108236
109065
109647
110486
111416
111923
112477
113310
114253
114762
115678
116260
116777
117549
118054
118976
119699
120306
120870
121455
122298
123236
123890
124638
125170
126085
127015
127961
128912
129833
130337
131259
132198
132785
133291
134093
134718
135518
136169
136724
137376
137893
138831
139410
140238
140821
141666
142243
143072
143660
144493
145071
145917
146586
147334
148267
148776
149316
150149
151118
151677
152525
153107
153956
154900
155406
156089
156769
157278
158204
159147
160102
161017
161524
162102
162923
163506
164351
164929
165756
166336
166946
167643
168368
169066
170012
170719
171421
172368
173317
174246
174752
175671
176397
177100
178050
178971
179696
180424
181342
182068
182747
183251
183760
184676
185354
186079
186999
187562
188428
189151
189873
190792
191516
192214
193161
194108
195051
195828
196461
197169
197879
198847
199775
200702
201208
202153
203093
204016
204528
205470
206857
207823
208761
209702
210425
211585
212527
213480
214459
215389
216341
217268
217799
218665
219385
220107
221056
221563
222437
223866
224836
225453
226708
227655
