105535
102

1054
1699
2236
3670
4361
4892
5688
6241
7015
7667
8347
9000
9671
10343
11022
11527
13021
13673
14322
15553
16639
17687
19649
20352
21006
21658
22166
22994
23670
24320
24828
25670
26660
27530
28325
28979
29661
30166
31308
31847
32621
33635
34163
34965
35492
37300
38300
42291
42929
44955
45628
47622
48789
51590
52264
54614
55629
56282
56790
57607
59106
60771
61590
62096
62915
63445
64262
64938
65593
66458
67279
67931
68751
69526
70127
70657
71430
72058
73335
73868
76208
77174
77681
78736
80309
80962
82245
83492
84459
84995
86064
86931
88453
89227
89878
90494
91119
92405
94292
94822
95567
97642
