232908
224

3233
3753
5004
5583
6148
6733
7400
8119
10997
11640
13710
14278
14869
15607
16340
17281
18201
18703
19295
21279
22082
22653
23582
25429
26320
27220
28597
30227
30923
32733
35040
35930
39929
42588
43517
46860
51015
54711
58384
61616
65788
67143
67651
68910
69837
70614
71339
72482
73162
74305
75031
75685
76311
76844
78685
79846
80558
81213
81818
82379
83083
83688
84242
85380
86078
86778
87361
87940
88591
89753
90935
91546
92083
93000
93795
95315
96619
97491
98455
99009
100144
100890
101535
102137
102694
103999
104535
105162
105695
106399
107055
107685
108214
108916
110074
111367
111956
113089
113767
115720
116761
117461
118770
121501
122441
122979
123687
124287
124846
126147
126734
128560
129689
130370
131067
131669
132226
133010
134073
134871
135932
136630
137774
138471
139620
140996
141551
142811
143776
145150
145830
146444
146998
148924
150204
151051
151992
152553
153209
153834
154397
155750
156260
157512
159347
160190
161065
161760
162472
163053
163646
164306
164888
165470
166618
167316
168451
169152
169852
170453
171006
172142
172841
173542
174149
174712
175842
176545
177844
180260
183946
185222
185875
187132
187637
188761
189465
190598
191325
192480
193185
194509
195016
195691
196300
196853
198130
198708
199383
199989
200544
201219
201887
203533
204232
205390
206090
206766
207374
207930
208608
209213
209770
210934
211613
212749
213471
214630
215314
216616
217604
218302
219003
220139
220836
222147
222727
224006
224999
225699
226393
227529
228471
229271
