304274
298

827
1335
1920
2497
3201
3789
4362
5066
5679
6250
6853
7407
8009
8592
9194
9749
10373
10904
11412
11979
12563
13168
13749
14354
14910
15514
16093
16674
17254
17847
18425
19033
19723
20302
20910
21491
22171
22780
23477
24058
24661
25367
26065
26625
27225
27786
28301
29225
30142
30669
31557
32481
33453
34366
35295
36251
37168
37678
38598
39519
40464
41409
42337
43287
44220
45149
46097
47036
47970
48912
49839
50912
51748
52678
53637
54577
55522
56473
61409
62206
62879
63442
63952
64875
66306
66985
67689
68395
69095
70276
70989
71814
72372
72877
73799
74479
75186
76130
77068
77770
78493
79869
81293
81994
83185
85269
86945
87837
88807
89483
90720
92775
94797
98188
99097
100041
100999
101909
103094
103793
104734
105412
106139
106725
107428
108692
109211
109872
110833
111786
113165
114104
115052
115994
117397
118337
119280
120682
121599
124865
125816
126778
128662
130521
131436
132394
133316
134280
135686
138368
139427
146205
147373
148098
148800
149483
150189
150892
151598
152759
153481
155356
156299
156982
157686
158644
159324
160268
161219
162384
163796
164493
165684
167771
169441
170357
171299
171975
173172
175254
180682
181602
182531
183487
184408
185360
186055
186761
187472
188539
189139
189822
191314
192516
193460
194417
196282
198155
199094
200035
200974
201913
203311
206002
207506
208455
209406
211271
213150
214074
215037
215971
218779
221002
222050
222970
223474
224417
228149
229086
230029
230961
231904
236015
237053
238002
239414
240352
241269
242232
243149
245040
245955
247375
248317
249718
250776
251367
252164
252984
253928
254851
255773
256278
257194
258136
259078
260020
260972
261905
262838
263784
264702
265624
266135
267053
267967
268472
269397
270321
271266
272202
273124
273630
274548
275467
275975
276905
277821
278767
279706
280769
281806
282506
283108
283691
284279
284860
285454
286157
286736
287317
287895
288505
289084
289667
290244
290824
291412
292017
292586
293195
293760
294362
294941
295520
296103
297054
