295001
342

3554
4642
6734
7299
7853
8579
10203
10836
11350
12092
12838
13374
14293
15068
16200
17599
18142
18704
19276
19828
20375
20927
21507
22068
22642
23398
23928
24675
25228
25788
26353
26910
27467
28004
28519
29069
29722
30454
31383
32974
34554
35767
36340
36893
37448
38006
38564
39228
40355
40993
41566
42120
42655
43225
43782
44340
44901
45532
46410
47065
47607
48268
48834
49393
49926
50492
51269
51809
53121
53670
54419
54964
55537
56088
56655
57204
57778
58347
58898
59447
60305
60855
61414
62058
63885
64409
64945
65517
66171
66840
67379
67940
68479
69048
69606
70224
70917
71578
72333
73056
73809
74542
75291
76099
76804
77534
78281
79035
79770
80605
81291
82021
82767
83509
84253
84985
85755
86483
86989
87623
88265
92916
93615
97218
98896
99840
100355
101420
106182
107291
108024
108614
113257
113816
117432
118115
118945
119584
120529
121553
122392
122974
124905
127428
127979
128546
129489
130422
130981
131542
132074
132838
133588
134317
135063
135816
136562
137308
138061
138784
139553
140278
141023
141798
142524
143283
144033
144757
145504
146260
146984
147761
148508
149231
149987
150722
151470
152217
152995
153718
154284
155556
156336
157445
158176
158939
159699
160445
161098
161925
162578
163409
164143
164920
165666
166316
167043
167902
168642
169293
170120
170775
171623
172372
173118
174422
175191
175829
176392
177124
177786
178339
179278
179832
180585
181150
181705
182349
183202
183753
184322
185053
185615
186170
186944
187556
188242
188798
189449
190091
190646
191201
191756
192505
193083
193641
194198
194756
195407
196057
196620
197181
197741
198414
199216
199898
200548
201102
201662
202206
202780
203321
204455
205173
205960
206497
207057
207613
208193
208932
209582
210413
211187
211826
212479
213039
213600
214142
214889
215450
216018
216579
217112
217875
218452
218994
219560
220109
220863
221612
222335
223083
223853
224415
224976
225531
226089
226817
228235
230184
234298
235043
235632
241023
241616
244944
245865
246994
249392
251013
252372
253488
254066
254626
255180
259165
260032
260779
261504
262291
262997
263750
264486
265259
265995
266555
267116
267854
268603
269374
270076
270847
271595
272248
273073
273726
274572
275298
276044
276732
277553
278206
279050
279800
280538
281191
281850
282404
283151
283708
286839
287613
